Slice x = 0
0 0 0 0 0 0 0 0 0 0 0 0
1 0 0 0 1 0 0 0 0 0 0 0
1 0 0 0 0 0 0 0 0 0 0 0
1 0 0 0 1 0 0 0 0 0 0 0
1 0 0 0 0 0 0 0 0 0 0 0
1 0 0 0 1 0 0 0 0 0 0 0
1 1 1 0 1 0 0 0 0 0 0 0
1 0 0 0 0 0 0 0 0 0 0 0
1 1 1 0 1 0 0 1 0 0 1 0
1 0 0 0 1 0 0 0 0 0 0 0
1 0 0 0 1 0 0 0 0 0 0 0
1 0 0 0 1 0 0 0 0 0 0 0

Slice x = 1
0 1 0 1 0 1 0 1 0 1 1 1
0 0 0 0 0 0 0 0 0 0 0 0
0 1 0 1 0 0 0 0 0 1 1 0
0 1 0 0 0 0 0 0 0 0 0 0
0 1 0 1 0 1 0 1 0 1 1 1
0 1 0 0 0 0 0 0 0 0 1 0
1 1 1 1 1 0 0 1 0 1 1 0
0 1 0 0 0 0 0 0 0 0 0 0
1 1 1 1 1 1 0 1 0 1 1 1
0 0 0 0 0 0 0 0 0 0 0 0
0 1 0 0 0 0 0 0 0 0 0 0
0 1 0 0 0 0 0 0 0 1 1 0

Slice x = 2
0 0 1 1 0 1 0 1 0 1 1 1
0 0 1 0 1 0 0 0 0 0 0 0
0 0 0 0 0 0 0 0 0 0 0 0
0 0 1 0 1 0 0 0 0 0 0 0
0 0 1 0 0 0 0 0 0 0 0 0
0 0 1 0 1 0 0 0 0 0 1 0
1 1 1 0 1 0 0 1 0 0 1 0
0 0 1 0 0 0 0 0 0 0 0 0
1 1 1 1 1 1 0 1 0 1 1 1
0 0 1 0 0 0 0 0 0 0 0 0
0 0 1 0 0 0 0 0 0 0 0 0
0 0 1 0 1 0 0 0 0 0 1 0

Slice x = 3
0 1 1 1 0 1 1 1 0 1 1 1
0 0 0 1 0 0 0 0 0 0 0 0
0 1 0 1 0 1 0 0 0 1 0 1
0 0 0 0 0 0 0 0 0 0 0 0
0 1 0 1 0 1 1 0 0 1 1 1
0 0 0 1 0 0 0 0 0 0 0 0
0 1 0 1 0 1 0 0 0 1 0 1
0 0 0 1 0 0 0 0 0 1 0 0
0 1 1 1 0 1 0 1 0 1 1 1
0 0 0 0 0 0 0 0 0 0 0 0
0 0 0 1 0 1 0 0 0 1 0 1
0 0 0 1 0 0 0 0 0 1 0 0

Slice x = 4
0 0 0 0 1 0 0 0 0 0 0 0
1 0 1 0 1 0 0 0 0 0 0 0
0 0 0 0 1 0 0 0 0 0 0 0
1 0 1 0 1 0 0 0 0 0 0 0
0 0 0 0 0 0 0 0 0 0 0 0
1 0 1 0 1 0 0 0 0 0 0 0
1 1 1 0 1 0 0 1 0 0 0 0
0 0 0 0 1 0 0 0 0 0 0 0
1 1 1 0 1 0 0 1 0 1 1 0
1 0 0 0 1 0 0 0 0 0 0 0
1 0 0 0 1 0 0 0 0 0 0 0
1 0 1 0 1 0 0 0 0 0 0 0

Slice x = 5
0 1 1 1 0 1 1 1 1 1 0 1
0 0 0 0 0 1 0 0 0 0 0 1
0 0 0 1 0 1 0 0 0 1 0 1
0 0 0 0 0 1 0 0 0 0 0 0
0 1 0 1 0 1 1 1 1 1 0 1
0 0 0 0 0 0 0 0 0 0 0 0
0 0 0 1 0 1 0 0 0 1 0 1
0 0 0 0 0 1 0 0 0 0 0 1
0 1 1 1 0 1 0 1 0 1 0 1
0 0 0 0 0 1 0 0 0 0 0 0
0 0 0 1 0 1 1 0 0 0 0 1
0 0 0 0 0 0 0 0 0 0 0 0

Slice x = 6
0 0 0 1 0 1 1 1 1 1 1 1
0 0 0 0 0 0 1 0 1 0 0 0
0 0 0 0 0 0 1 0 1 0 0 0
0 0 0 0 0 0 1 0 0 0 0 0
0 0 0 1 0 1 1 0 1 1 1 1
0 0 0 0 0 0 1 0 0 0 0 0
0 0 0 0 0 0 0 0 0 0 0 0
0 0 0 0 0 0 1 0 0 0 0 0
0 0 0 0 0 0 1 0 0 0 0 0
0 0 0 0 0 0 1 0 0 0 0 0
0 0 0 0 0 1 1 0 0 0 0 0
0 0 0 0 0 0 1 0 0 0 0 0

Slice x = 7
0 1 1 1 0 1 1 1 0 1 1 1
0 0 0 0 0 0 0 1 0 0 0 0
0 0 0 0 0 0 0 1 0 0 0 0
0 0 0 0 0 0 0 1 0 0 0 0
0 1 0 0 0 1 0 1 0 0 0 0
0 0 0 0 0 0 0 1 0 0 0 0
0 1 1 0 1 0 0 1 0 0 0 0
0 0 0 0 0 0 0 0 0 0 0 0
1 1 1 1 1 1 0 1 0 1 1 1
0 0 0 0 0 0 0 1 0 0 0 0
0 0 0 0 0 0 0 1 0 0 0 0
0 0 0 0 0 0 0 1 0 0 0 0

Slice x = 8
0 0 0 0 0 1 1 0 1 0 0 1
0 0 0 0 0 0 1 0 1 0 0 0
0 0 0 0 0 0 1 0 1 0 0 0
0 0 0 0 0 0 0 0 1 0 0 0
0 0 0 0 0 1 1 0 1 0 0 1
0 0 0 0 0 0 0 0 1 0 0 0
0 0 0 0 0 0 0 0 1 0 0 0
0 0 0 0 0 0 0 0 1 0 0 0
0 0 0 0 0 0 0 0 0 0 0 0
0 0 0 0 0 0 0 0 1 0 0 0
0 0 0 0 0 0 0 0 1 0 0 0
0 0 0 0 0 0 0 0 1 0 0 0

Slice x = 9
0 1 1 1 0 1 1 1 0 1 1 1
0 0 0 0 0 0 0 0 0 0 0 0
0 1 0 1 0 1 0 0 0 1 0 0
0 0 0 0 0 0 0 0 0 0 0 0
0 1 0 1 0 1 1 0 0 1 1 1
0 0 0 0 0 0 0 0 0 1 0 0
0 1 0 1 0 1 0 0 0 1 1 0
0 0 0 1 0 0 0 0 0 1 0 0
0 1 1 1 1 1 0 1 0 1 1 1
0 0 0 0 0 0 0 0 0 0 0 0
0 0 0 1 0 0 0 0 0 1 0 0
0 1 0 1 0 0 0 0 0 1 1 0

Slice x = 10
0 1 1 1 0 0 1 1 0 1 1 0
0 0 0 0 0 0 0 0 0 0 1 0
0 1 0 0 0 0 0 0 0 0 1 0
0 0 0 0 0 0 0 0 0 0 1 0
0 1 0 1 0 0 1 0 0 1 1 0
0 1 1 0 0 0 0 0 0 0 1 0
0 1 1 0 0 0 0 0 0 1 1 0
0 0 0 0 0 0 0 0 0 0 1 0
1 1 1 1 1 0 0 1 0 1 1 0
0 0 0 0 0 0 0 0 0 0 1 0
0 0 0 0 0 0 0 0 0 0 0 0
0 1 1 0 0 0 0 0 0 1 1 0

Slice x = 11
0 1 1 1 0 1 1 1 1 1 0 1
0 0 0 0 0 1 0 0 0 0 0 1
0 0 0 1 0 1 0 0 0 0 0 1
0 0 0 0 0 0 0 0 0 0 0 1
0 1 0 1 0 1 1 0 1 1 0 1
0 0 0 0 0 0 0 0 0 0 0 0
0 0 0 1 0 1 0 0 0 0 0 1
0 0 0 0 0 1 0 0 0 0 0 1
0 1 1 1 0 1 0 1 0 1 0 1
0 0 0 0 0 0 0 0 0 0 0 1
0 0 0 1 0 1 0 0 0 0 0 1
0 0 0 0 0 0 0 0 0 0 0 0

